$ go run ./tmp/pgtime.go
now: 2019-06-20 18:10:20.5857088 +0900 JST m=+0.001950601
date: 2019-06-04 14:46:08 +0000 +0000