$ go run ./tmp/pgtime.go
now: 2019-06-20 18:21:14.4118588 +0900 JST m=+0.002924701
expire_at: 2019-06-20 18:21:14.411859 +0000 +0000